Question,Response
"POSIX标准的作用是对UNIX进行（）。
A. 可移植化
B. 互联互通
C. 标准化
D. 可定制化
正确答案: C","# 知识点：
【POSIX标准】POSIX (Portable Operating System Interface) 是一个由IEEE（电气和电子工程师学会）制定的面向UNIX操作系统的标准。POSIX标准定义了操作系统应该为应用程序提供的接口，包括系统调用、库函数等。它的目的是提高UNIX系统的兼容性，使得在一个遵循POSIX标准的UNIX系统上编写的程序可以在其他遵循POSIX标准的UNIX系统上运行，而不需要或只需要很少的修改。这样可以提高软件的可移植性，并减少开发和维护的成本。

【UNIX系统】UNIX是一种强大的多用户、多任务操作系统，它支持多种处理器架构，可以运行在各种不同的硬件平台上。UNIX系统的设计理念是“一切皆文件”，它提供了一套简单而一致的接口，使得用户可以方便地操作系统资源。

【可移植性】可移植性是指软件能够在不同的硬件或操作系统环境中运行，而不需要或只需要很少的修改。可移植性是软件质量的一个重要指标，它可以提高软件的适用范围，减少开发和维护的成本。

【互联互通】互联互通是指不同的系统或网络能够相互连接和交换信息。在计算机网络中，互联互通是实现网络通信的基础。

【标准化】标准化是制定和实施标准，以提高产品或服务的质量，减少差异，提高效率的过程。在计算机科学中，标准化可以使得开发者按照统一的规范进行开发，提高软件的兼容性和可移植性。

【可定制化】可定制化是指产品或服务能够根据用户的需求进行定制。在软件开发中，可定制化可以提高软件的适用性和用户满意度。

# 分析：
题目问的是POSIX标准的作用。根据POSIX标准的定义，它是一个面向UNIX操作系统的标准，定义了操作系统应该为应用程序提供的接口，其主要目的是提高UNIX系统的兼容性，使得在一个遵循POSIX标准的UNIX系统上编写的程序可以在其他遵循POSIX标准的UNIX系统上运行。这说明POSIX标准的主要作用是对UNIX进行标准化。

# 答案：
C. 标准化"
"Linux的内核在哪个开源协议下发行？
A. Apache
B. BSD
C. MIT
D. GPL
正确答案: D","# 知识点：
【开源协议】开源协议是一种让源代码公开，并允许任何人在遵守一定规定的前提下，自由使用、修改和分发源代码的协议。主要的开源协议有Apache、BSD、MIT和GPL等。

【Apache许可证】Apache许可证是由Apache软件基金会发布的一个自由软件许可证。你可以免费使用、修改、分发，但必须保留原版权声明。

【BSD许可证】BSD许可证是一个给予使用者很大自由的许可证，你可以自由的使用，修改源代码，也可以将修改后的代码作为开源或者专有软件再发布。

【MIT许可证】MIT许可证是由麻省理工学院（MIT）发表的一种软件许可协议。它非常宽松，允许软件被修改和再分发，无论是开源还是专有软件。

【GPL许可证】GPL是GNU通用公共许可证，是一个广泛用于自由软件的许可证，让终端用户可以自由运行、分享、修改软件。它的主要条款规定了必须将源代码和版权声明一同发布，且不允许将软件与使用了特定许可的软件集成。

# 分析：
Linux内核是在一个特定的开源协议下发行的。这个协议要求发布的所有版本都必须包含源代码和版权声明，并且不允许将软件与使用了特定许可的软件集成。根据这些特点，我们可以判断出这个协议是GPL。

# 答案：
D. GPL"
"下面哪个操作系统不属于类UNIX操作系统？
A. Linux
B. Windows 10
C. Berkeley UNIX
D. UNIX System V
正确答案: B","# 知识点：
【类UNIX操作系统】：类UNIX操作系统是指那些类似于UNIX或与UNIX兼容的操作系统。这些操作系统通常会提供类似于UNIX的环境，包括文件系统布局、命令行接口、API等。类UNIX操作系统的一些例子包括Linux，BSD（包括Berkeley UNIX），以及UNIX System V等。

【Linux】：Linux是一个类UNIX的开源操作系统，由Linus Torvalds在1991年首次发布。Linux操作系统基于POSIX标准，提供了一个类似于传统UNIX系统的环境。

【Windows 10】：Windows 10是微软公司开发的一个操作系统。它是Windows系列操作系统中的一个版本，不是基于UNIX或类UNIX的设计。

【Berkeley UNIX】：Berkeley UNIX，也被称为BSD（Berkeley Software Distribution），是一种类UNIX的操作系统。它最初是由加利福尼亚大学伯克利分校的计算机系统研究组在1970年代末和1980年代初开发的。

【UNIX System V】：UNIX System V，通常简称为SysV，是AT&T贝尔实验室开发的UNIX操作系统的一个主要版本。它是许多现代UNIX和类UNIX系统的基础。

# 分析：
题目问的是哪个操作系统不属于类UNIX操作系统。Linux，Berkeley UNIX和UNIX System V都是基于UNIX或类UNIX的设计，而Windows 10是基于微软自己的设计，不是基于UNIX或类UNIX的设计。

# 答案：
B. Windows 10"
"GNU开发的工具在哪个协议下发行？
A. GPL
B. MIT
C. BSD
D. Apache
正确答案: A","# 知识点：
【GNU项目】GNU项目是由Richard Stallman在1983年发起的一个自由软件项目，旨在创建一个完全自由的操作系统，即GNU系统。GNU是“GNU's Not Unix”的递归缩写，意为“GNU不是Unix”。

【自由软件】自由软件是一种计算机软件，它赋予用户运行、复制、分发、研究、修改和改进软件的自由。这种自由在法律上通过软件许可证实现，而自由软件许可证则通常是符合自由软件基金会（FSF）的自由软件定义的。

【GPL（GNU通用公共许可证）】GPL是一个广泛用于自由软件和开源软件的许可证，由自由软件基金会为GNU项目编写。GPL许可证保证了最终用户（个人、组织、公司）可以自由使用、研究、分享（复制）和修改软件。这些权利在法律上通过软件许可证实现，而GPL则是这种许可证的一个例子。

【MIT许可证】MIT许可证是许多软件许可证中最宽松的一种，几乎没有什么限制。这意味着你几乎可以随便做什么，只要保留原始许可证和版权声明。MIT许可证的典型用途包括在自由软件和开源软件项目中。

【BSD许可证】BSD许可证是一种非常宽松的许可证，允许软件的自由使用和分发，只要保留版权声明和许可证。BSD许可证的主要特点是非常简洁，并允许将源代码用于商业用途。

【Apache许可证】Apache许可证是由Apache软件基金会发布的一个自由软件许可证。它允许用户自由使用、修改和分发软件，包括在开源和商业环境中。

# 分析：
题目询问的是GNU开发的工具在哪个协议下发行。由于GNU项目由自由软件基金会发起，而自由软件基金会编写并使用GPL（GNU通用公共许可证）为其项目许可，所以GNU开发的工具一般在GPL许可证下发行。

# 答案：
A. GPL"
"Linux内核的开发者是？
A. Elon Musk
B. Richard Stallman
C. Linus Torvalds
D. Jeff Bezos
正确答案: C","# 知识点：
【Linux内核】：Linux内核是Linux操作系统的核心部分，它负责管理系统的内存，处理器，设备，以及进行进程调度等任务。内核是操作系统的基础，它提供了一个抽象层，使得应用程序不需要知道硬件的具体细节就可以运行。

【Linus Torvalds】：Linus Torvalds是Linux内核的主要开发者和维护者。他在1991年首次发布了Linux内核的源代码，从那时起，Linux内核已经发展成为一个全球开源项目，有数千名开发者参与其中。

【Elon Musk】：Elon Musk是特斯拉和SpaceX的创始人，他在科技领域有很大的影响力，但他并没有参与Linux内核的开发。

【Richard Stallman】：Richard Stallman是GNU项目和自由软件基金会的创始人，他对开源软件和自由软件的发展做出了重要贡献。然而，尽管GNU项目为Linux操作系统提供了大量的基础软件，但Richard Stallman并未直接参与Linux内核的开发。

【Jeff Bezos】：Jeff Bezos是亚马逊的创始人，他在电子商务和云计算领域有很大的影响力，但他并没有参与Linux内核的开发。

# 分析：
题目询问的是Linux内核的开发者是谁。根据我们对Linux内核和相关人物的了解，我们知道Linux内核的主要开发者是Linus Torvalds，而其他选项中的人物并没有参与Linux内核的开发。

# 答案：
C. Linus Torvalds"
"Linux内核的版本号中包括（）。
A. 昵称号
B. 主版本号
C. 次版本号
D. 修订次数
正确答案: BCD","# 知识点：
【Linux内核版本号】Linux内核版本号是用来标识Linux内核特定版本的一串数字和字符。它由四部分组成：主版本号、次版本号、修订次数和额外的描述信息。主版本号和次版本号是必须的，修订次数和额外的描述信息是可选的。版本号的格式通常为：主版本号.次版本号.修订次数。例如，对于内核版本3.10.0，3是主版本号，10是次版本号，0是修订次数。主版本号表示Linux内核的主要版本，次版本号表示具有相同主版本号的内核中的特定版本，修订次数表示对特定版本的修订次数。

# 分析：
题目询问的是Linux内核版本号中包含哪些部分。选项A ""昵称号""并不是Linux内核版本号的一部分，而Linux内核版本号确实包含选项B ""主版本号""，选项C ""次版本号""，以及选项D ""修订次数""。

# 答案：
BCD"
"GNU项目开发出的重要软件工具有（）。
A. make
B. gdb
C. bash
D. gcc
E. emacs
正确答案: ABCDE","# 知识点：

【GNU项目】：GNU项目是由理查德·斯托曼在1983年发起的，旨在创建一个完全自由的操作系统——GNU系统。这个系统是基于UNIX，但并不包含任何UNIX代码。它是完全免费的，这意味着它尊重用户的自由。GNU项目开发了一系列的重要软件工具，包括编译器、编辑器、调试器等。

【make】：make是一个工具程序，它解析Makefile文件中的指令，然后编译和链接源代码，生成可执行文件或库。它可以自动处理和维护程序的编译过程，避免了人工编译时的繁琐步骤。

【gdb】：GNU调试器（GDB）是GNU项目的一个重要组成部分，是一个功能强大的源代码级调试器。它可以调试各种语言编写的程序，包括C、C++、Fortran等。

【bash】：bash是GNU项目的一个shell程序，全名为Bourne Again SHell。它是sh（Bourne SHell）的扩展，提供了许多增强功能，如命令行编辑、命令历史记录等。

【gcc】：GCC（GNU Compiler Collection）是GNU项目的核心部分，是一个支持多种编程语言的编译器，包括C、C++、Java、Fortran等。它是开源的，功能强大，是Linux系统的默认编译器。

【emacs】：Emacs是GNU项目的一个文本编辑器，它的特点是高度可配置和可扩展。Emacs不仅是一个文本编辑器，还可以作为邮件客户端、新闻阅读器、计划表和更多。

# 分析：
题目询问的是GNU项目开发出的重要软件工具，选项A（make）、选项B（gdb）、选项C（bash）、选项D（gcc）和选项E（emacs）都是GNU项目开发的重要工具，它们在软件开发，系统维护等方面都有着广泛的应用。

# 答案：
ABCDE"
"UNIX的两个流派是？
A. Solaris
B. BSD UNIX
C. UnixWare
D. System V
正确答案: BD","# 知识点：
【UNIX】UNIX是一个强大的多用户、多任务操作系统，它同时也是一个软件开发的工具集合。UNIX系统设计简洁、健壮，提供了一套简单、一致的接口。UNIX系统提供了大量的工具软件，并且可以方便地开发新的工具软件。

【UNIX流派】UNIX有两个主要的流派：BSD UNIX和System V。BSD UNIX起源于加州大学伯克利分校，它强调网络功能，对TCP/IP的支持尤为突出。System V是由AT&T公司开发的，它强调系统的兼容性和易用性。

【Solaris】Solaris是Sun Microsystems公司开发的UNIX操作系统。它是System V的一个变种，但也包含了许多BSD的特性。

【UnixWare】UnixWare是Novell公司开发的UNIX操作系统。它基于System V，但也包含了许多BSD和其他UNIX版本的特性。

# 分析：
题目问的是UNIX的两个流派，所以答案应该是两个UNIX的主要流派，即BSD UNIX和System V。虽然Solaris和UnixWare都是UNIX操作系统，但它们是UNIX流派的具体实现，而不是流派本身。

# 答案：
B. BSD UNIX
D. System V"
"在GPL协议下发布的软件，用户可以（）。
A. 运行该软件
B. 修改该软件
C. 发布修改后的软件
D. 查看该软件源代码
正确答案: ABCD","# 知识点：
【GPL协议】：GNU通用公共许可证(General Public License，简称GPL)是一个广泛用于保护计算机软件自由的许可证。GPL许可证允许用户自由地运行、研究、共享（复制）和修改软件。这些权利确保了软件的开放性和透明性，鼓励了软件的创新和发展。GPL是由自由软件基金会(FSF)所创立的GNU项目所提出的。GPL协议的主要内容包括：

1. 自由使用：用户可以无偿使用GPL协议下的软件，不论是个人还是企业，不论是商业活动还是非商业活动。
2. 自由修改：用户可以对GPL协议下的软件进行任意修改，可以根据自己的需要对软件进行定制。
3. 自由分发：用户可以无偿将GPL协议下的软件分发给任何人，也可以将修改后的软件分发给任何人。
4. 强制公开源代码：如果用户修改了GPL协议下的软件，并且将修改后的软件分发出去，那么用户必须同时将修改后的源代码公开，并且这个源代码也必须按照GPL协议进行分发。

# 分析：
题目是关于GPL协议下的软件，用户可以进行的操作。根据GPL协议的规定，用户可以运行该软件（A选项），修改该软件（B选项），发布修改后的软件（C选项），查看该软件源代码（D选项）。因此，所有的选项都是用户在GPL协议下可以进行的操作。

# 答案：
ABCD"
"UNIX系统的开发者是？
A. Dennis Ritchie
B. Ken Thompson
C. Linus Torvalds
D. Bill Gates
正确答案: AB","# 知识点：
【UNIX系统】UNIX是一个强大的多用户、多任务操作系统，支持多种处理器架构。UNIX系统的设计理念是“一切皆文件”，它提供了一套简单一致的接口来管理和使用系统资源。UNIX的许多特性，如分层文件系统、简单的文本配置文件、强大的shell脚本等，都深受用户喜爱。

【Dennis Ritchie】Dennis Ritchie是一位计算机科学家，他是C语言的主要设计者，同时也是UNIX操作系统的共同开发者。他的工作对计算机科学领域产生了深远影响，尤其是在操作系统和编程语言的设计上。

【Ken Thompson】Ken Thompson是一位计算机科学家，他是UNIX操作系统的主要开发者之一，同时也是Go编程语言的创造者。他在操作系统设计、编程语言设计以及计算机游戏设计等多个领域都有深远影响。

【Linus Torvalds】Linus Torvalds是一位著名的计算机科学家，他是Linux操作系统的创造者和主要开发者。Linux操作系统是UNIX操作系统的一个开源变体，被广泛应用于服务器、嵌入式系统、超级计算机等多种计算环境中。

【Bill Gates】Bill Gates是微软公司的创始人之一，他对个人电脑软件的开发有重大贡献。他并没有直接参与UNIX或Linux的开发，但他的公司开发的Windows操作系统是目前桌面计算环境中最流行的操作系统之一。

# 分析：
题目询问的是UNIX系统的开发者。由于UNIX系统是由Dennis Ritchie和Ken Thompson共同开发的，所以这两位都是UNIX系统的开发者。而Linus Torvalds是Linux操作系统的创造者，Bill Gates是微软公司的创始人，他们并没有直接参与UNIX系统的开发。

# 答案：
A. Dennis Ritchie
B. Ken Thompson"
"Linux操作系统的版本号包括（）
A. 内核版本号
B. 外壳版本号
C. 发行版本号
D. shell版本号
正确答案: AC","# 知识点：
【内核版本号】Linux系统的内核版本号是用来标识Linux内核的唯一标识。Linux内核是操作系统的核心，负责管理系统的内存、设备、文件系统和进程等。内核版本号通常由三部分组成：主版本号、次版本号和修订版本号。例如，在版本号2.6.32中，“2”是主版本号，“6”是次版本号，“32”是修订版本号。主版本号和次版本号的变化通常代表了重大的功能改进或者架构改变，修订版本号的变化则代表了一些错误修复或者小的功能改进。

【发行版本号】Linux发行版是指将Linux内核与应用软件和管理工具等打包在一起，形成一套完整的操作系统。每个Linux发行版都有自己的版本号，用来标识这个发行版的特定版本。发行版本号通常会在发行版的名字后面，比如Ubuntu 18.04，其中“18.04”就是Ubuntu的发行版本号。

【外壳版本号】和【shell版本号】并不是Linux系统版本号的组成部分。在Linux中，“外壳”和“shell”通常指的是用户和操作系统交互的界面。常见的shell包括bash、sh、csh、ksh等，每种shell都有自己的版本号，但它们并不是Linux操作系统版本号的一部分。

# 分析：
题目问的是Linux操作系统的版本号包括哪些部分。根据上述知识点，我们知道Linux操作系统的版本号主要由内核版本号和发行版本号组成，而外壳版本号和shell版本号并不是Linux操作系统版本号的组成部分。

# 答案：
A. 内核版本号
C. 发行版本号"
"FSF(Free Software Foundation)组织中，Free的含义是免费。
A. 对
B. 错
正确答案: 错","# 知识点：
【FSF（Free Software Foundation）】：FSF是由理查德·斯托曼于1985年创建的一个非营利性组织，旨在推广计算机用户的自由。FSF的使命是确保计算机用户有权使用，研究，修改和分发计算机软件。他们推广自由软件的概念，即用户对软件的四个基本自由：使用自由、学习自由、修改自由和分发自由。

【Free Software】：Free在Free Software中的含义并不是免费，而是自由。这种自由是指用户对软件的使用、复制、分发、研究和修改的权利。这是由FSF提出的概念，与开源软件有所不同，尽管两者在实际的许可证和实践中有很大的重叠。

# 分析：
题目中的陈述""FSF(Free Software Foundation)组织中，Free的含义是免费""是错误的。在FSF的背景下，""Free""的含义并不是""免费""，而是指""自由""。这种自由指的是用户对软件的使用、复制、分发、研究和修改的权利，而不仅仅是无需支付费用。

# 答案：
B. 错"
"用户修改在GPL协议下发布的软件，再发布时可以添加自己的限制条件。
A. 对
B. 错
正确答案: 错","# 知识点：
【GPL协议】GNU通用公共许可证（GNU General Public License，简称：GNU GPL，或者GPL）是一个广泛用于软件和其他种类的自由作品的免费软件许可证，保障了所有的终端用户都有使用、研究、分享（复制），以及修改软件的权利。GPL是由Richard Stallman为GNU计划而写，主要的目的是让GNU计划下的软件保持自由软件的状态，不被那些不愿分享他们改进过的源代码的系统厂商所利用。

GPL协议的主要条款包括：
1. 你可以自由运行此程序，无论其用途是什么。
2. 你可以自由研究程序是如何运作的，并改变它让它按你所期望的方式工作。为此你必须可以访问源代码。
3. 你可以自由复制和分发程序的副本。
4. 你可以改进程序，并公开发布你的改进（或者你的服务提供商可以这样做），这样一来整个社区都可以受益。为此你必须以GPL许可证公开发布你的改进。

# 分析：
题目描述了一个用户修改了在GPL协议下发布的软件，并想在发布时添加自己的限制条件。根据GPL协议的规定，用户有权修改软件并发布修改后的版本，但是必须以GPL许可证公开发布改进，不能添加额外的限制条件。因此，用户不能在发布时添加自己的限制条件。

# 答案：
B. 错"
"UNIX从一开始就是用C语言编写的。
A. 对
B. 错
正确答案: 错","# 知识点：
【UNIX】UNIX是一个强大的多用户、多任务操作系统，它既可以作为服务器运行，也可以安装在个人计算机上作为用户的桌面系统。UNIX系统的设计理念是“让每个东西都保持简单”，它提供了一组小的、简单的、以文本流为中心的工具，这些工具可以通过管道组合在一起，生成复杂的工作流程。

【C语言】C语言是一种通用的、过程式的计算机编程语言，支持结构化编程、词汇变量作用域和递归等特性，其设计提供了低级别的访问内存，通过语言构造表示高级概念，如复杂的表达式、数据类型和控制结构。C语言被广泛应用于开发操作系统、各种应用软件等。

# 分析：
题目的主要内容是UNIX的开发语言。UNIX系统最初并非用C语言编写，而是用汇编语言编写。直到1973年，Unix的大部分部分被重新用C语言编写。这是因为C语言提供了比汇编语言更高级别的抽象，使得代码更易于理解和修改，同时，C语言编写的代码也具有良好的可移植性，可以在不同的硬件平台上运行。

# 答案：
B. 错"
"UNIX被注册为软件商标，最早由AT&T公司持有。
A. 对
B. 错
正确答案: 对","# 知识点：
【UNIX】UNIX是一种强大的多用户、多任务操作系统，它可以支持一台机器的多个用户同时操作，也可以让一个用户同时进行多个操作。UNIX系统有许多版本，但都源于1969年在美国贝尔实验室开发的一种系统。UNIX系统是开放源代码的，这意味着用户可以阅读、修改和发布源代码。

【软件商标】在信息技术行业中，软件商标是一种法律保护，它可以保护软件产品和服务不被他人侵犯。商标注册通过法律手段确保了商标所有人的独特权益。商标包括文字、图象、字母、数字、三维标志和颜色组合，以及上述元素的任意组合。一旦注册，商标所有者有权限制其他人使用相同或相似的标志。

# 分析：
根据题目的描述，需要判断的事实是“UNIX被注册为软件商标，最早由AT&T公司持有。”这涉及了两个知识点：UNIX和软件商标。UNIX确实是一种软件，并且最早是由AT&T公司开发并持有。根据商标法，AT&T有权将UNIX注册为软件商标。

# 答案：
A. 对
"
"shell是命令解释器，位于UNIX的内核中。
A. 对
B. 错
正确答案: 错","# 知识点：
【Shell】Shell 是一个命令行解释器，为用户提供了一个向 Linux 内核发送请求以便运行程序的界面系统级程序。用户可以使用 shell 来启动、挂起、停止甚至是编写一些程序。

Shell 还是一个功能强大的编程语言，易编写，易调试，灵活性较强。Shell 是解释执行的脚本语言，在 Shell 中可以直接调用 Linux 系统命令。Shell 和系统核心是分别独立的，两者之间通过系统调用进行通信。

【UNIX】UNIX 是一个强大的多用户、多任务操作系统，支持多种处理器架构。它的发展经历了很多版本，如 System V、BSD 等，现在市面上有很多 UNIX 的变种，如 Solaris、AIX、HP-UX、Linux 等。

【内核(Kernel)】内核是操作系统的核心部分，它直接与硬件交互，提供了一个抽象层让上层软件（如 Shell）不需要知道硬件的具体实现细节。它负责管理系统的内存、设备、文件和进程等资源，以及响应系统调用，使得用户程序可以使用设备、读写文件和创建进程等。

# 分析：
题目的陈述是“Shell是命令解释器，位于UNIX的内核中”。根据我们对 Shell 和内核的理解，我们知道 Shell 并不位于内核中，而是运行在用户空间的一个程序，它通过系统调用与内核交互。因此，题目的陈述是错误的。

# 答案：
B. 错"
"使用远程登录软件登录系统后，使用who命令看到该用户的登录终端类型为（）
A. 控制台console
B. 远程终端
C. 伪终端pts
D. 虚拟终端tty
正确答案: C","# 知识点：
【who命令】who 命令用来打印当前登录的用户信息，包含了系统的启动时间、活动进程、使用者 ID、使用终端等信息，是系统管理员了解系统运行状态的常用命令。命令使用说明：
```
who [<OPTION>]... [ <FILE> | <ARG1> <ARG2> ]
-a, --all
  	等于 -b -d --login -p -r -t -T -u 选项的组合。
-b, --boot
	上次系统启动时间。
-d, --dead
  	显示已死的进程。
-H, --heading
	输出头部的标题列。
-l，--login
	显示系统登录进程。
--lookup
	尝试通过 DNS 查验主机名。
-m
	只面对和标准输入有直接交互的主机和用户。
-p, --process
	显示由 init 进程衍生的活动进程。
-q, --count
	列出所有已登录用户的登录名与用户数量。
-r, --runlevel
	显示当前的运行级别。
-s, --short
	只显示名称、线路和时间(默认)。
-T, -w, --mesg
	用 +，- 或 ? 标注用户消息状态。
-u, --users
	列出已登录的用户。
--message
	等于 -T。
--writable
	等于 -T。
--help
	显示此帮助信息并退出。
--version
	显示版本信息并退出。
```


【终端类型】Linux系统中有多种类型的终端，包括控制台(console)，远程终端，伪终端(pts)和虚拟终端(tty)。控制台是直接连接到计算机的物理设备，通常是键盘和显示器。远程终端是通过网络连接到计算机的设备。伪终端(pts)是一种模拟的终端，通常用于远程登录。虚拟终端(tty)是Linux系统中的一个设备文件，用于表示一个字符设备，可以接收用户的输入并显示输出。

# 分析：
题目描述了一个用户使用远程登录软件登录系统，然后使用who命令查看登录信息。由于用户是通过远程登录软件登录的，所以他们的登录终端类型应该是没有物理设备的虚拟设备，即伪终端(pts)。

# 答案：
C. 伪终端pts"
"命令中选项的作用是（）
A. 指明命令作用的对象
B. 加速命令执行
C. 调整命令的执行行为
D. 调整命令优先级
正确答案: C","# 知识点：
【命令行选项】在Linux中，命令行选项（也称为参数或标志）是用来调整命令的执行行为的。它们通常在命令之后，由一个短划线（-）或两个短划线（--）开头，后面跟着一个或多个字母或单词。例如，ls -l 或 rm --force。每个命令可能有自己特定的一组选项，这些选项可以改变命令的行为，使其执行特定的操作，或按特定方式显示输出。

【命令作用的对象】在Linux中，命令通常需要一些参数，这些参数指明命令要操作的对象。例如，rm file.txt 中的 file.txt 就是 rm 命令的对象。

【命令执行的优先级】在Linux中，可以使用 nice 和 renice 命令来调整命令的优先级。这些命令可以改变进程的优先级，使其获得更多或更少的CPU时间。

【命令执行的速度】命令的执行速度取决于许多因素，包括系统负载、命令的复杂性、输入和输出的数据量等。命令行选项本身不会直接影响命令的执行速度。

# 分析：
题目询问的是命令中选项的作用。根据上述知识点，我们知道命令行选项是用来调整命令的执行行为的，而不是指明命令作用的对象、加速命令执行或调整命令优先级。

# 答案：
C. 调整命令的执行行为"
"UNIX系统中的管理员是？
A. adminstrator
B. root
C. sys
D. admin
正确答案: B","# 知识点：
【UNIX系统】UNIX是一种强大的多用户、多任务操作系统，支持多种处理器架构。UNIX系统的设计目标是提供简单、一致、易于使用的工具，它们可以通过管道和脚本组合在一起，创建复杂的工作流程。

【管理员账户】在操作系统中，管理员账户是具有最高权限的账户，可以进行一些普通用户无法进行的操作，例如安装和卸载应用程序，更改系统设置，管理其他用户账户等。

【root账户】在UNIX和类UNIX系统（如Linux）中，root是系统管理员的用户名称。root用户具有超级用户权限，可以访问系统中的所有文件，执行所有命令，以及对系统进行任何更改。root用户的UID和GID通常都是0。

【adminstrator、sys、admin账户】这些都是在某些系统中可能出现的管理员账户名称，但在UNIX和类UNIX系统中，系统管理员的默认用户名是root。

# 分析：
题目询问的是UNIX系统中的管理员是谁。在UNIX和类UNIX系统中，系统管理员的默认用户名是root。因此，考虑到UNIX系统的特性和管理员账户的定义，我们可以确定UNIX系统中的管理员是root。

# 答案：
B. root"
"内部命令又称为（）
A. 系统工具程序
B. shell命令
C. 磁盘命令
D. 内存命令
正确答案: B","# 知识点：

【内部命令】: 内部命令，也被称为shell命令，是一类直接由shell进程解释执行的命令。这些命令不需要生成新的进程就可以在原来的shell进程中运行。因此，他们的执行速度通常非常快。一些常用的内部命令包括cd（改变目录）、echo（输出字符串或变量）、set（设置环境变量）、unset（取消环境变量）等。

【系统工具程序】: 系统工具程序是系统级别的工具，它们是提供实用或者其他功能的程序。这包括一些用户界面程序和命令行程序。但并不所有的系统工具程序都被视为内部命令，因为一些系统工具实际上是外部命令而非shell的内部命令。

【磁盘命令】与【内存命令】: 这两类命令是指用来操作硬盘或内存的一些命令，比如df，du（硬盘使用情况），free，top（内存使用情况）。这些不是内部命令的别称，但可以是内部命令或外部命令。

# 分析：

这个问题是在询问内部命令的别称。从定义上讲，内部命令是shell所管理和解释执行的命令，因此我们可以称其为""shell命令""。其他选项，如""系统工具程序""，""磁盘命令""，和""内存命令""，虽然描述了程序或命令的类型，但他们并不是内部命令的别名。

# 答案：

B. shell命令"
"已知mkdir为GNU项目开发的外部命令，下面哪个命令无法获得该命令的帮助信息（）
A. man mkdir
B. mkdir --help
C. info mkdir
D. help mkdir
正确答案: D","# 知识点：
【man命令】man命令是Linux系统下的一款查看帮助文档的工具，man后面跟上具体的命令，就可以查看该命令的帮助信息。

【--help选项】在Linux系统中，很多命令后面加上--help选项，都可以查看该命令的简短帮助信息。

【info命令】info命令是GNU项目开发的一个帮助系统，可以查看GNU项目开发的命令的帮助信息。

【help命令】help命令是用来获取bash内建命令的帮助信息的。内建命令是bash shell自带的命令，不需要调用外部程序。例如cd、echo等。

【mkdir命令】mkdir命令用于在Linux系统中创建目录。这是一个外部命令，不是bash的内建命令。

# 分析：
题目询问哪个命令无法获得mkdir命令的帮助信息。由于mkdir是一个外部命令，所以man mkdir、mkdir --help和info mkdir都可以获取到mkdir命令的帮助信息。但是，help命令只能获取内建命令的帮助信息，mkdir不是内建命令，所以help mkdir无法获取mkdir命令的帮助信息。

# 答案：
D. help mkdir"
"用户登录成功后，命令行是由哪个系统组件显示出来的？
A. 常驻模块
B. shell
C. 应用工具
D. 内核
正确答案: B","# 知识点：
【命令行界面】命令行界面（Command-Line Interface，CLI）是一种基于文本的界面，用于查看和管理计算机文件和目录，执行各种任务，处理各种服务等。用户通过键盘输入特定的命令，计算机接收到命令后，解释并执行，然后返回结果。CLI提供了大量的灵活性和控制力，尤其是在处理复杂的任务时。

【shell】在Linux系统中，shell是一个命令行解释器，它为用户提供了一个向Linux内核发送请求以便运行程序的界面系统级程序。用户可以在shell提示符下输入命令，shell读取并解析这些命令，然后调用相应的程序来执行这些命令。常见的shell包括bash，sh，csh，tcsh，ksh，zsh等。

【常驻模块】常驻模块是指在计算机系统中一直保持运行的程序模块，它们通常是操作系统的一部分，提供各种基本服务。

【应用工具】应用工具是为了完成特定任务而设计的程序，例如文本编辑器，电子表格程序，数据库管理系统等。

【内核】内核是计算机操作系统的核心，负责管理系统的硬件资源，提供程序运行环境。内核负责处理如内存管理，设备管理，文件系统等底层操作。

# 分析：
用户登录成功后，命令行是由哪个系统组件显示出来的？这个问题涉及到的是操作系统的工作原理和组成部分。在Linux系统中，当用户登录成功后，命令行界面是由shell提供的。用户在命令行界面中输入命令，这些命令被shell解析并执行。因此，选项B ""shell""是正确的。

# 答案：
B. shell"
"在命令中输入出现错误，想删除整行字符，使用命令？
A. ctrl+u
B. 按键backspace
C. ctrl+h
D. ctrl+c
正确答案: A","# 知识点：

【Linux命令行快捷键】在Linux的命令行中，有一些快捷键可以帮助我们更有效地进行操作。以下是一些常用的快捷键：
- `ctrl + a`：移动光标到行首。
- `ctrl + e`：移动光标到行尾。
- `ctrl + u`：删除光标位置前的所有字符。
- `ctrl + k`：删除光标位置后的所有字符。
- `ctrl + w`：删除光标前的一个单词。
- `ctrl + y`：粘贴最近一次删除的内容。
- `ctrl + l`：清屏。
- `ctrl + c`：终止当前进程。
- `ctrl + z`：将当前进程放入后台运行。
- `ctrl + r`：反向搜索命令历史。

【Backspace键】在计算机键盘上，Backspace键用于删除光标左侧的字符。

【Ctrl + H】在某些情况下，Ctrl + H可以用作Backspace键的替代，删除光标左侧的一个字符。

【Ctrl + C】在Unix和Linux系统中，Ctrl + C通常用于发送SIGINT（中断）信号，用于终止当前运行的进程。

# 分析：
题目问的是如何删除整行字符。在Linux命令行中，`ctrl + u`快捷键可以删除光标位置前的所有字符。如果光标在行尾，这个快捷键就可以删除整行字符。而其他选项，如Backspace键、Ctrl + H和Ctrl + C，都不能达到这个效果。

# 答案：
A. ctrl+u"
"类UNIX系统中的虚拟终端称为()
A. tty
B. vt
C. :0
D. pts
正确答案: A","# 知识点：
【虚拟终端】：在类UNIX系统（包括Linux）中，虚拟终端（Virtual Terminal，简称VT）是一种软件驱动的终端，它模拟了物理终端的功能。虚拟终端允许用户在没有物理终端的情况下与计算机进行交互。在Linux系统中，虚拟终端通常被称为tty。

【tty】：tty是Teletype的缩写，原指电传打字机，现在在UNIX或类UNIX系统中，tty指的是终端设备。在Linux系统中，tty是一个设备文件，用于表示一个字符设备，可以接收用户的输入并显示输出。tty既可以表示物理终端，也可以表示虚拟终端。

【vt】：vt是Virtual Terminal的缩写，也指的是虚拟终端，但在类UNIX系统中，虚拟终端通常被称为tty，而不是vt。

【:0】：在X Window系统中，:0通常表示本地显示器的显示编号。X Window系统是一种图形用户界面系统，它允许用户在图形环境下工作。

【pts】：pts是伪终端（Pseudo Terminal Slave）的缩写，是一种模拟的终端，通常用于远程登录。与虚拟终端不同，伪终端不直接与硬件交互，而是通过另一个程序（如ssh或telnet）进行通信。

# 分析：
题目询问的是类UNIX系统中虚拟终端的称呼。虽然vt是Virtual Terminal的缩写，但在类UNIX系统中，虚拟终端通常被称为tty，而不是vt。:0通常表示的是X Window系统的显示编号，而pts表示的是伪终端，都不是虚拟终端的称呼。

# 答案：
A. tty"
"想终止正在命令行中执行的程序，可以使用组合键？
A. ctrl+c
B. ctrl+b
C. ctrl+z
D. ctrl+w
正确答案: A","# 知识点：
【Ctrl+C】：在Unix和类Unix系统中，Ctrl+C是一个从键盘输入的中断信号，它通常用于中断当前前台进程的执行。这个信号的默认行为就是终止进程，但是它可以被捕获或忽略。它不会导致命令行本身退出，因为命令行shell通常会忽略这个信号。

【Ctrl+B】：在某些应用程序中，比如GNU Screen或Tmux，Ctrl+B是一个前缀键，用于在发送给应用程序的所有后续按键前添加一个特殊的前缀。在其他上下文中，Ctrl+B通常没有特殊的含义。

【Ctrl+Z】：在Unix和类Unix系统中，Ctrl+Z是一个从键盘输入的挂起信号。它的默认行为是将当前前台进程挂起，使其停止执行，并将控制权返回给shell。被挂起的进程可以通过bg命令在后台继续执行，或通过fg命令恢复为前台进程。

【Ctrl+W】：在Unix和类Unix系统中，Ctrl+W是一个从键盘输入的信号，通常用于删除命令行中的最后一个单词。在某些应用程序中，比如web浏览器，Ctrl+W通常用于关闭当前的窗口或标签页。

# 分析：
题目问的是如何终止正在命令行中执行的程序。根据上述知识点，我们知道Ctrl+C的默认行为就是终止当前前台进程的执行，所以应该选择Ctrl+C。

# 答案：
A. ctrl+c"
"命令ls -a -l /boot中，参数是？
A. boot
B. /boot
C. -a -l /boot
D. -a -l
正确答案: B","# 知识点：
【ls命令】ls是Linux系统中最常用的命令之一，它的功能是列出目录中的文件和子目录等信息。命令使用说明：
```
ls [<OPTION>]... [ <FILE> | <DIR> ]
-a, --all
  	列出目录下的所有文件，包括以 . 开头的隐藏文件。
-l     
	以更详细的格式列出文件信息（包括文件权限、链接数、所有者、群组、字节数、最近修改时间和文件/目录名等）。
```

【命令行参数】在执行Linux命令时，命令后面可以接一些附加的参数，用于告诉命令应该如何运行或者操作哪些对象。参数可以分为两种，选项（option）和操作对象。选项通常以-开头，用于控制命令的行为。操作对象则是命令要处理的数据，可以是文件名、目录名或其他数据。

# 分析：
在指定的命令`ls -a -l /boot`中，-a和-l是命令的选项，用于改变ls命令的行为。/boot则是命令的操作对象，指明ls命令要列出的目录。

# 答案：
B. /boot"
"用于显示当前系统中登录用户信息的命令是？
A. who
B. here
C. logged
D. login
正确答案: A","# 知识点：
【who命令】who 命令在Linux中用于显示当前系统中已登录的用户信息。它会显示每个用户的登录名，他们的终端类型，以及他们的登录时间。这是系统管理员了解系统运行状态的常用命令。

【here命令】在Linux中，""here""不是一个命令。它可能是""here document""的一部分，""here document""是一种在shell脚本中定义多行字符串的方法。

【logged命令】在Linux中，""logged""不是一个命令。可能用户想要提到的是""log""或""log files""，这些是记录系统和应用程序活动的文件。

【login命令】login 命令在Linux中用于创建一个新的登录会话。它会提示用户输入用户名和密码，然后启动一个新的shell。这不是用于显示当前登录用户信息的命令。

# 分析：
题目询问的是用于显示当前系统中登录用户信息的命令。根据以上的知识点解释，我们可以知道""who""命令是用于显示当前系统中已登录的用户信息的，而其他选项并不具备这个功能。

# 答案：
A. who"
"在图形用户界面中使用终端模拟软件打开一个终端窗口，使用who命令看到该用户的登录终端类型为（）
A. 虚拟终端tty
B. 控制台console
C. 伪终端pts
D. 本地终端
正确答案: C","# 知识点：

【who命令】who命令在Linux中用于显示当前登录的所有用户的信息。这个命令可以告诉你哪些用户当前在线、他们登录的时间、他们在哪个终端上登录等信息。此命令在shell脚本中特别有用，可以用来检查系统是否超载、是否有未授权的用户等。这个命令的基本格式如下：

```shell
who [OPTION]... [ FILE | ARG1 ARG2 ]
```

【终端类型】Linux操作系统中有多种类型的终端，包括：

1. 控制台console：这通常是指直接附在计算机上的物理终端，如键盘和显示器。
2. 虚拟终端tty：这些是Linux操作系统中的一个设备文件，表示一个字符设备，一般可以接收用户的输入并显示输出。
3. 伪终端pts：这是Linux操作系统中模拟的终端设备，通常用于图形界面的终端模拟软件或者远程终端软件。
4. 远程终端：这是通过网络连接到计算机的设备。

【图形用户界面(GUI)与终端模拟软件】图形用户界面是一种人机交互界面，其形式基于图表的，允许用户用鼠标或触摸屏等指针设备与系统图形图标或界面元素交互。

终端模拟软件，是一种允许用户访问控制台和运行终端模拟程序的应用程序。这些程序通常提供bash shell或其他unix shell，用户可以在其中执行Linux或unix命令。

# 分析：

题目描述了一个用户在图形用户界面中采用终端模拟软件打开终端窗口，然后使用who命令查看该用户的登录终端类型。这种情况下，打开的这个""终端""不是一个实体终端，而是由终端模拟器模拟的""伪终端""。

# 答案：

C. 伪终端pts"
